0 0.08517555266579974 0.5086805555555556 0.07672301690507152 0.5474537037037037 
0 0.12808842652795838 0.5306712962962963 0.036410923276983094 0.21412037037037038 
0 0.01527958387516255 0.4427083333333333 0.029258777633289986 0.20717592592592593 
0 0.16612483745123538 0.4513888888888889 0.03966189856957087 0.18055555555555555 
0 0.20806241872561768 0.3524305555555556 0.05201560468140442 0.2743055555555556 
0 0.24609882964889468 0.4930555555555556 0.12158647594278284 0.6087962962962963 
0 0.2994148244473342 0.5214120370370371 0.16189856957087126 0.8692129629629629 
0 0.3852405721716515 0.5109953703703703 0.03706111833550065 0.2881944444444444 
0 0.41775032509752924 0.5034722222222222 0.03966189856957087 0.29398148148148145 
0 0.45513654096228867 0.5555555555555556 0.10273081924577374 0.4398148148148148 
0 0.5354356306892067 0.5954861111111112 0.03966189856957087 0.21412037037037038 
0 0.5741222366710013 0.48032407407407407 0.04291287386215865 0.2638888888888889 
0 0.6264629388816645 0.4849537037037037 0.04226267880364109 0.27546296296296297 
0 0.6631989596879063 0.42824074074074076 0.032509752925877766 0.2013888888888889 
0 0.6537711313394018 0.5457175925925926 0.08517555266579974 0.29050925925925924 
0 0.6979843953185956 0.5260416666666666 0.053966189856957086 0.41087962962962965 
0 0.7269180754226268 0.5306712962962963 0.05201560468140442 0.48032407407407407 
0 0.770481144343303 0.47974537037037035 0.0611183355006502 0.45949074074074076 
0 0.8686605981794538 0.5364583333333334 0.19635890767230169 0.9270833333333334 
